01714359692
01711362520
01714750321
01816914459
01747354890
01786280790
01711734124
01709099540
01716723392
01705292545
01781731686
01712095470
01811945910
01981008818
01766081150
01759896561
01720257222
01842371517
01755567287
01844888228
01731630094
01912577350
01741472527
01944789514
01740575554
01856215356
01712527709
01881101164
01984933586
01521718344
01815214008
01746688763
01626265561
01710049791
01617743480
01711611027
01712470992
01727556253
01944938876
01731068930
01731097528
01713138265
01795482691
01799225701
01768524393
01771031298
01913774783
01913145243
01717786273
01814180570
01711218877
01733900113
01860432028
01613480755
01744565546
01712433247
01771326148
01711039929
01747448444
01733552277
01713443028
01730957781
01712140747
01672585945
01790258352
01716459249
01934453545
01740855086
01616677289
01720592706
01912913425
01772702264
01719878932
01711220332
01568180035
01712405260
01737920145
01715977065
01308497323
01937066891
01872868233
01718800748
01912624489
01824640377
01716558889
01913456316
01720339804
01715375586
01766100897
01755521232
01769007045
01316008136
01614858336
01736489044
01715071548
01712396724
01911729271
01778102363
01796577735
01713368778
01865930049
01780283662
01708447548
01718025359
01825332695
01739089229
01769006536
01922785813
01672630252
01714266054
01724852178
01833931004
01710950813
01753258298
01819854123
01716278977
01711316079
01882449274
01670853834
01711709011
01862226699
01711505056
01818599312
01985949008
01877114519
