01730785087
01845223233
01716643598
01766013317
01679095270
01748386771
01712715010
01819896965
01721786156
01712868375
01743911488
01712552623
01722468669
01715185541
01740806075
01401484114
01711456945
01724138666
01719435922
01921742042
01730054851
01882155545
01311643078
01729847816
01719067367
01716338427
01558320360
01976750172
01733232324
01711522244
01732437772
01716063124
01715475007
01713333469
01755637551
01755283968
01788075475
01711017790
01715393183
01732011667
01625413706
01725010838
01400026809
01626792683
01724042915
01925929205
01713733747
01937106848
01710617330
01826333699
01910797006
01750888431
01726700737
01930303020
01777083858
01712017855
01812421880
01733513339
01713174866
01987998228
01727524871
01716306850
01718071507
01871599115
01881136245
01715588794
01777169797
01710194270
01719214062
01780171045
01673999715
01676202520
01717024351
01319009122
01715877066
01944323551
01722086929
01789683289
01752729208
01968961977
01711868776
01711967518
01743460134
01716788317
01767863146
01711073074
01303674072
01614340745
01778264319
01641375484
01916914657
01711008960
01721604416
01985870283
01829800534
01785788316
01711492168
01756621827
01637832227
01911420022
01758759137
01732582799
01926872822
01884361300
01712194929
01711428478
01883139440
01890496884
01787871650
01715659826
01591136549
01713002876
01902958020
01829000990
01635008427
01812240179
01679364629
01716382724
01725131464
01962807054
01626685501
01719596979
